 1  3  4  5  7  8  9 11 12 13 15 16 17 19 20 21 23 24 25 27 28 29 31 32  0
 2  3  4  6  7  8 10 11 12 14 15 16 18 19 20 22 23 24 26 27 28 30 31 32  0
 1  2  3  5  6  7  9 10 11 13 14 15 17 18 19 21 22 23 25 26 27 29 30 31  0
 1  2  4  5  6  8  9 10 12 13 14 16 17 18 20 21 22 24 25 26 28 29 30 32  0
 1  3  5  6  7  8  9 11 13 14 15 16 17 19 21 22 23 24 25 27 29 30 31 32  0
 2  4  5  6  7  8 10 12 13 14 15 16 18 20 21 22 23 24 26 28 29 30 31 32  0
 1  2  3  4  5  7  9 10 11 12 13 15 17 18 19 20 21 23 25 26 27 28 29 31  0
 1  2  3  4  6  8  9 10 11 12 14 16 17 18 19 20 22 24 25 26 27 28 30 32  0
 1  3  5  7  9 10 11 12 13 14 15 16 17 19 21 23 25 26 27 28 29 30 31 32  0
 2  4  6  8  9 10 11 12 13 14 15 16 18 20 22 24 25 26 27 28 29 30 31 32  0
 1  2  3  4  5  6  7  8  9 11 13 15 17 18 19 20 21 22 23 24 25 27 29 31  0
 1  2  3  4  5  6  7  8 10 12 14 16 17 18 19 20 21 22 23 24 26 28 30 32  0
 1  3  5  7  9 11 13 15 17 18 19 20 21 22 23 24 25 26 27 28 29 30 31 32  0
 2  4  6  8 10 12 14 16 17 18 19 20 21 22 23 24 25 26 27 28 29 30 31 32  0
 1  2  3  4  5  6  7  8  9 10 11 12 13 14 15 16 17 19 21 23 25 27 29 31  0
 1  2  3  4  5  6  7  8  9 10 11 12 13 14 15 16 18 20 22 24 26 28 30 32  0
 1  2  5  6  7  8  9 10 13 14 15 16 17 18 21 22 23 24 25 26 29 30 31 32  0
 3  4  5  6  7  8 11 12 13 14 15 16 19 20 21 22 23 24 27 28 29 30 31 32  0
 1  2  3  4  5  6  9 10 11 12 13 14 17 18 19 20 21 22 25 26 27 28 29 30  0
 1  2  3  4  7  8  9 10 11 12 15 16 17 18 19 20 23 24 25 26 27 28 31 32  0
 1  2  5  6  9 10 11 12 13 14 15 16 17 18 21 22 25 26 27 28 29 30 31 32  0
 3  4  7  8  9 10 11 12 13 14 15 16 19 20 23 24 25 26 27 28 29 30 31 32  0
 1  2  3  4  5  6  7  8  9 10 13 14 17 18 19 20 21 22 23 24 25 26 29 30  0
 1  2  3  4  5  6  7  8 11 12 15 16 17 18 19 20 21 22 23 24 27 28 31 32  0
 1  2  5  6  9 10 13 14 17 18 19 20 21 22 23 24 25 26 27 28 29 30 31 32  0
 3  4  7  8 11 12 15 16 17 18 19 20 21 22 23 24 25 26 27 28 29 30 31 32  0
 1  2  3  4  5  6  7  8  9 10 11 12 13 14 15 16 17 18 21 22 25 26 29 30  0
 1  2  3  4  5  6  7  8  9 10 11 12 13 14 15 16 19 20 23 24 27 28 31 32  0
 1  2  3  4  9 10 11 12 13 14 15 16 17 18 19 20 25 26 27 28 29 30 31 32  0
 5  6  7  8  9 10 11 12 13 14 15 16 21 22 23 24 25 26 27 28 29 30 31 32  0
 1  2  3  4  5  6  7  8  9 10 11 12 17 18 19 20 21 22 23 24 25 26 27 28  0
 1  2  3  4  5  6  7  8 13 14 15 16 17 18 19 20 21 22 23 24 29 30 31 32  0
 1  2  3  4  9 10 11 12 17 18 19 20 21 22 23 24 25 26 27 28 29 30 31 32  0
 5  6  7  8 13 14 15 16 17 18 19 20 21 22 23 24 25 26 27 28 29 30 31 32  0
 1  2  3  4  5  6  7  8  9 10 11 12 13 14 15 16 17 18 19 20 25 26 27 28  0
 1  2  3  4  5  6  7  8  9 10 11 12 13 14 15 16 21 22 23 24 29 30 31 32  0
 1  2  3  4  5  6  7  8 17 18 19 20 21 22 23 24 25 26 27 28 29 30 31 32  0
 9 10 11 12 13 14 15 16 17 18 19 20 21 22 23 24 25 26 27 28 29 30 31 32  0
 1  2  3  4  5  6  7  8  9 10 11 12 13 14 15 16 17 18 19 20 21 22 23 24  0
 1  2  3  4  5  6  7  8  9 10 11 12 13 14 15 16 25 26 27 28 29 30 31 32  0
-1

